/*--------------------------------*- C++ -*----------------------------------*\
| =========                 |                                                 |
| \\      /  F ield         | OpenFOAM: The Open Source CFD Toolbox           |
|  \\    /   O peration     | Version:  2206                                  |
|   \\  /    A nd           | Website:  www.openfoam.com                      |
|    \\/     M anipulation  |                                                 |
\*---------------------------------------------------------------------------*/
FoamFile
{
    version     2.0;
    format      ascii;
    arch        "LSB;label=32;scalar=64";
    class       vectorField;
    location    "constant/polyMesh";
    object      points;
}
// * * * * * * * * * * * * * * * * * * * * * * * * * * * * * * * * * * * * * //


882
(
(0 0 0)
(0.012522662 0 0)
(0.02665871737 0 0)
(0.04261603231 0 0)
(0.06062925406 0 0)
(0.08096326132 0 0)
(0.1039170592 0 0)
(0.129828176 0 0)
(0.1590776265 0 0)
(0.1920955145 0 0)
(0.2293673576 0 0)
(0.2714412264 0 0)
(0.3189358037 0 0)
(0.3725494822 0 0)
(0.4330706341 0 0)
(0.5013892035 0 0)
(0.5785097934 0 0)
(0.6655664375 0 0)
(0.7638392761 0 0)
(0.87477338 0 0)
(1 0 0)
(0 0.05 0)
(0.012522662 0.05 0)
(0.02665871737 0.05 0)
(0.04261603231 0.05 0)
(0.06062925406 0.05 0)
(0.08096326132 0.05 0)
(0.1039170592 0.05 0)
(0.129828176 0.05 0)
(0.1590776265 0.05 0)
(0.1920955145 0.05 0)
(0.2293673576 0.05 0)
(0.2714412264 0.05 0)
(0.3189358037 0.05 0)
(0.3725494822 0.05 0)
(0.4330706341 0.05 0)
(0.5013892035 0.05 0)
(0.5785097934 0.05 0)
(0.6655664375 0.05 0)
(0.7638392761 0.05 0)
(0.87477338 0.05 0)
(1 0.05 0)
(0 0.1 0)
(0.012522662 0.1 0)
(0.02665871737 0.1 0)
(0.04261603231 0.1 0)
(0.06062925406 0.1 0)
(0.08096326132 0.1 0)
(0.1039170592 0.1 0)
(0.129828176 0.1 0)
(0.1590776265 0.1 0)
(0.1920955145 0.1 0)
(0.2293673576 0.1 0)
(0.2714412264 0.1 0)
(0.3189358037 0.1 0)
(0.3725494822 0.1 0)
(0.4330706341 0.1 0)
(0.5013892035 0.1 0)
(0.5785097934 0.1 0)
(0.6655664375 0.1 0)
(0.7638392761 0.1 0)
(0.87477338 0.1 0)
(1 0.1 0)
(0 0.15 0)
(0.012522662 0.15 0)
(0.02665871737 0.15 0)
(0.04261603231 0.15 0)
(0.06062925406 0.15 0)
(0.08096326132 0.15 0)
(0.1039170592 0.15 0)
(0.129828176 0.15 0)
(0.1590776265 0.15 0)
(0.1920955145 0.15 0)
(0.2293673576 0.15 0)
(0.2714412264 0.15 0)
(0.3189358037 0.15 0)
(0.3725494822 0.15 0)
(0.4330706341 0.15 0)
(0.5013892035 0.15 0)
(0.5785097934 0.15 0)
(0.6655664375 0.15 0)
(0.7638392761 0.15 0)
(0.87477338 0.15 0)
(1 0.15 0)
(0 0.2 0)
(0.012522662 0.2 0)
(0.02665871737 0.2 0)
(0.04261603231 0.2 0)
(0.06062925406 0.2 0)
(0.08096326132 0.2 0)
(0.1039170592 0.2 0)
(0.129828176 0.2 0)
(0.1590776265 0.2 0)
(0.1920955145 0.2 0)
(0.2293673576 0.2 0)
(0.2714412264 0.2 0)
(0.3189358037 0.2 0)
(0.3725494822 0.2 0)
(0.4330706341 0.2 0)
(0.5013892035 0.2 0)
(0.5785097934 0.2 0)
(0.6655664375 0.2 0)
(0.7638392761 0.2 0)
(0.87477338 0.2 0)
(1 0.2 0)
(0 0.25 0)
(0.012522662 0.25 0)
(0.02665871737 0.25 0)
(0.04261603231 0.25 0)
(0.06062925406 0.25 0)
(0.08096326132 0.25 0)
(0.1039170592 0.25 0)
(0.129828176 0.25 0)
(0.1590776265 0.25 0)
(0.1920955145 0.25 0)
(0.2293673576 0.25 0)
(0.2714412264 0.25 0)
(0.3189358037 0.25 0)
(0.3725494822 0.25 0)
(0.4330706341 0.25 0)
(0.5013892035 0.25 0)
(0.5785097934 0.25 0)
(0.6655664375 0.25 0)
(0.7638392761 0.25 0)
(0.87477338 0.25 0)
(1 0.25 0)
(0 0.3 0)
(0.012522662 0.3 0)
(0.02665871737 0.3 0)
(0.04261603231 0.3 0)
(0.06062925406 0.3 0)
(0.08096326132 0.3 0)
(0.1039170592 0.3 0)
(0.129828176 0.3 0)
(0.1590776265 0.3 0)
(0.1920955145 0.3 0)
(0.2293673576 0.3 0)
(0.2714412264 0.3 0)
(0.3189358037 0.3 0)
(0.3725494822 0.3 0)
(0.4330706341 0.3 0)
(0.5013892035 0.3 0)
(0.5785097934 0.3 0)
(0.6655664375 0.3 0)
(0.7638392761 0.3 0)
(0.87477338 0.3 0)
(1 0.3 0)
(0 0.35 0)
(0.012522662 0.35 0)
(0.02665871737 0.35 0)
(0.04261603231 0.35 0)
(0.06062925406 0.35 0)
(0.08096326132 0.35 0)
(0.1039170592 0.35 0)
(0.129828176 0.35 0)
(0.1590776265 0.35 0)
(0.1920955145 0.35 0)
(0.2293673576 0.35 0)
(0.2714412264 0.35 0)
(0.3189358037 0.35 0)
(0.3725494822 0.35 0)
(0.4330706341 0.35 0)
(0.5013892035 0.35 0)
(0.5785097934 0.35 0)
(0.6655664375 0.35 0)
(0.7638392761 0.35 0)
(0.87477338 0.35 0)
(1 0.35 0)
(0 0.4 0)
(0.012522662 0.4 0)
(0.02665871737 0.4 0)
(0.04261603231 0.4 0)
(0.06062925406 0.4 0)
(0.08096326132 0.4 0)
(0.1039170592 0.4 0)
(0.129828176 0.4 0)
(0.1590776265 0.4 0)
(0.1920955145 0.4 0)
(0.2293673576 0.4 0)
(0.2714412264 0.4 0)
(0.3189358037 0.4 0)
(0.3725494822 0.4 0)
(0.4330706341 0.4 0)
(0.5013892035 0.4 0)
(0.5785097934 0.4 0)
(0.6655664375 0.4 0)
(0.7638392761 0.4 0)
(0.87477338 0.4 0)
(1 0.4 0)
(0 0.45 0)
(0.012522662 0.45 0)
(0.02665871737 0.45 0)
(0.04261603231 0.45 0)
(0.06062925406 0.45 0)
(0.08096326132 0.45 0)
(0.1039170592 0.45 0)
(0.129828176 0.45 0)
(0.1590776265 0.45 0)
(0.1920955145 0.45 0)
(0.2293673576 0.45 0)
(0.2714412264 0.45 0)
(0.3189358037 0.45 0)
(0.3725494822 0.45 0)
(0.4330706341 0.45 0)
(0.5013892035 0.45 0)
(0.5785097934 0.45 0)
(0.6655664375 0.45 0)
(0.7638392761 0.45 0)
(0.87477338 0.45 0)
(1 0.45 0)
(0 0.5 0)
(0.012522662 0.5 0)
(0.02665871737 0.5 0)
(0.04261603231 0.5 0)
(0.06062925406 0.5 0)
(0.08096326132 0.5 0)
(0.1039170592 0.5 0)
(0.129828176 0.5 0)
(0.1590776265 0.5 0)
(0.1920955145 0.5 0)
(0.2293673576 0.5 0)
(0.2714412264 0.5 0)
(0.3189358037 0.5 0)
(0.3725494822 0.5 0)
(0.4330706341 0.5 0)
(0.5013892035 0.5 0)
(0.5785097934 0.5 0)
(0.6655664375 0.5 0)
(0.7638392761 0.5 0)
(0.87477338 0.5 0)
(1 0.5 0)
(0 0.55 0)
(0.012522662 0.55 0)
(0.02665871737 0.55 0)
(0.04261603231 0.55 0)
(0.06062925406 0.55 0)
(0.08096326132 0.55 0)
(0.1039170592 0.55 0)
(0.129828176 0.55 0)
(0.1590776265 0.55 0)
(0.1920955145 0.55 0)
(0.2293673576 0.55 0)
(0.2714412264 0.55 0)
(0.3189358037 0.55 0)
(0.3725494822 0.55 0)
(0.4330706341 0.55 0)
(0.5013892035 0.55 0)
(0.5785097934 0.55 0)
(0.6655664375 0.55 0)
(0.7638392761 0.55 0)
(0.87477338 0.55 0)
(1 0.55 0)
(0 0.6 0)
(0.012522662 0.6 0)
(0.02665871737 0.6 0)
(0.04261603231 0.6 0)
(0.06062925406 0.6 0)
(0.08096326132 0.6 0)
(0.1039170592 0.6 0)
(0.129828176 0.6 0)
(0.1590776265 0.6 0)
(0.1920955145 0.6 0)
(0.2293673576 0.6 0)
(0.2714412264 0.6 0)
(0.3189358037 0.6 0)
(0.3725494822 0.6 0)
(0.4330706341 0.6 0)
(0.5013892035 0.6 0)
(0.5785097934 0.6 0)
(0.6655664375 0.6 0)
(0.7638392761 0.6 0)
(0.87477338 0.6 0)
(1 0.6 0)
(0 0.65 0)
(0.012522662 0.65 0)
(0.02665871737 0.65 0)
(0.04261603231 0.65 0)
(0.06062925406 0.65 0)
(0.08096326132 0.65 0)
(0.1039170592 0.65 0)
(0.129828176 0.65 0)
(0.1590776265 0.65 0)
(0.1920955145 0.65 0)
(0.2293673576 0.65 0)
(0.2714412264 0.65 0)
(0.3189358037 0.65 0)
(0.3725494822 0.65 0)
(0.4330706341 0.65 0)
(0.5013892035 0.65 0)
(0.5785097934 0.65 0)
(0.6655664375 0.65 0)
(0.7638392761 0.65 0)
(0.87477338 0.65 0)
(1 0.65 0)
(0 0.7 0)
(0.012522662 0.7 0)
(0.02665871737 0.7 0)
(0.04261603231 0.7 0)
(0.06062925406 0.7 0)
(0.08096326132 0.7 0)
(0.1039170592 0.7 0)
(0.129828176 0.7 0)
(0.1590776265 0.7 0)
(0.1920955145 0.7 0)
(0.2293673576 0.7 0)
(0.2714412264 0.7 0)
(0.3189358037 0.7 0)
(0.3725494822 0.7 0)
(0.4330706341 0.7 0)
(0.5013892035 0.7 0)
(0.5785097934 0.7 0)
(0.6655664375 0.7 0)
(0.7638392761 0.7 0)
(0.87477338 0.7 0)
(1 0.7 0)
(0 0.75 0)
(0.012522662 0.75 0)
(0.02665871737 0.75 0)
(0.04261603231 0.75 0)
(0.06062925406 0.75 0)
(0.08096326132 0.75 0)
(0.1039170592 0.75 0)
(0.129828176 0.75 0)
(0.1590776265 0.75 0)
(0.1920955145 0.75 0)
(0.2293673576 0.75 0)
(0.2714412264 0.75 0)
(0.3189358037 0.75 0)
(0.3725494822 0.75 0)
(0.4330706341 0.75 0)
(0.5013892035 0.75 0)
(0.5785097934 0.75 0)
(0.6655664375 0.75 0)
(0.7638392761 0.75 0)
(0.87477338 0.75 0)
(1 0.75 0)
(0 0.8 0)
(0.012522662 0.8 0)
(0.02665871737 0.8 0)
(0.04261603231 0.8 0)
(0.06062925406 0.8 0)
(0.08096326132 0.8 0)
(0.1039170592 0.8 0)
(0.129828176 0.8 0)
(0.1590776265 0.8 0)
(0.1920955145 0.8 0)
(0.2293673576 0.8 0)
(0.2714412264 0.8 0)
(0.3189358037 0.8 0)
(0.3725494822 0.8 0)
(0.4330706341 0.8 0)
(0.5013892035 0.8 0)
(0.5785097934 0.8 0)
(0.6655664375 0.8 0)
(0.7638392761 0.8 0)
(0.87477338 0.8 0)
(1 0.8 0)
(0 0.85 0)
(0.012522662 0.85 0)
(0.02665871737 0.85 0)
(0.04261603231 0.85 0)
(0.06062925406 0.85 0)
(0.08096326132 0.85 0)
(0.1039170592 0.85 0)
(0.129828176 0.85 0)
(0.1590776265 0.85 0)
(0.1920955145 0.85 0)
(0.2293673576 0.85 0)
(0.2714412264 0.85 0)
(0.3189358037 0.85 0)
(0.3725494822 0.85 0)
(0.4330706341 0.85 0)
(0.5013892035 0.85 0)
(0.5785097934 0.85 0)
(0.6655664375 0.85 0)
(0.7638392761 0.85 0)
(0.87477338 0.85 0)
(1 0.85 0)
(0 0.9 0)
(0.012522662 0.9 0)
(0.02665871737 0.9 0)
(0.04261603231 0.9 0)
(0.06062925406 0.9 0)
(0.08096326132 0.9 0)
(0.1039170592 0.9 0)
(0.129828176 0.9 0)
(0.1590776265 0.9 0)
(0.1920955145 0.9 0)
(0.2293673576 0.9 0)
(0.2714412264 0.9 0)
(0.3189358037 0.9 0)
(0.3725494822 0.9 0)
(0.4330706341 0.9 0)
(0.5013892035 0.9 0)
(0.5785097934 0.9 0)
(0.6655664375 0.9 0)
(0.7638392761 0.9 0)
(0.87477338 0.9 0)
(1 0.9 0)
(0 0.95 0)
(0.012522662 0.95 0)
(0.02665871737 0.95 0)
(0.04261603231 0.95 0)
(0.06062925406 0.95 0)
(0.08096326132 0.95 0)
(0.1039170592 0.95 0)
(0.129828176 0.95 0)
(0.1590776265 0.95 0)
(0.1920955145 0.95 0)
(0.2293673576 0.95 0)
(0.2714412264 0.95 0)
(0.3189358037 0.95 0)
(0.3725494822 0.95 0)
(0.4330706341 0.95 0)
(0.5013892035 0.95 0)
(0.5785097934 0.95 0)
(0.6655664375 0.95 0)
(0.7638392761 0.95 0)
(0.87477338 0.95 0)
(1 0.95 0)
(0 1 0)
(0.012522662 1 0)
(0.02665871737 1 0)
(0.04261603231 1 0)
(0.06062925406 1 0)
(0.08096326132 1 0)
(0.1039170592 1 0)
(0.129828176 1 0)
(0.1590776265 1 0)
(0.1920955145 1 0)
(0.2293673576 1 0)
(0.2714412264 1 0)
(0.3189358037 1 0)
(0.3725494822 1 0)
(0.4330706341 1 0)
(0.5013892035 1 0)
(0.5785097934 1 0)
(0.6655664375 1 0)
(0.7638392761 1 0)
(0.87477338 1 0)
(1 1 0)
(0 0 0.1)
(0.012522662 0 0.1)
(0.02665871737 0 0.1)
(0.04261603231 0 0.1)
(0.06062925406 0 0.1)
(0.08096326132 0 0.1)
(0.1039170592 0 0.1)
(0.129828176 0 0.1)
(0.1590776265 0 0.1)
(0.1920955145 0 0.1)
(0.2293673576 0 0.1)
(0.2714412264 0 0.1)
(0.3189358037 0 0.1)
(0.3725494822 0 0.1)
(0.4330706341 0 0.1)
(0.5013892035 0 0.1)
(0.5785097934 0 0.1)
(0.6655664375 0 0.1)
(0.7638392761 0 0.1)
(0.87477338 0 0.1)
(1 0 0.1)
(0 0.05 0.1)
(0.012522662 0.05 0.1)
(0.02665871737 0.05 0.1)
(0.04261603231 0.05 0.1)
(0.06062925406 0.05 0.1)
(0.08096326132 0.05 0.1)
(0.1039170592 0.05 0.1)
(0.129828176 0.05 0.1)
(0.1590776265 0.05 0.1)
(0.1920955145 0.05 0.1)
(0.2293673576 0.05 0.1)
(0.2714412264 0.05 0.1)
(0.3189358037 0.05 0.1)
(0.3725494822 0.05 0.1)
(0.4330706341 0.05 0.1)
(0.5013892035 0.05 0.1)
(0.5785097934 0.05 0.1)
(0.6655664375 0.05 0.1)
(0.7638392761 0.05 0.1)
(0.87477338 0.05 0.1)
(1 0.05 0.1)
(0 0.1 0.1)
(0.012522662 0.1 0.1)
(0.02665871737 0.1 0.1)
(0.04261603231 0.1 0.1)
(0.06062925406 0.1 0.1)
(0.08096326132 0.1 0.1)
(0.1039170592 0.1 0.1)
(0.129828176 0.1 0.1)
(0.1590776265 0.1 0.1)
(0.1920955145 0.1 0.1)
(0.2293673576 0.1 0.1)
(0.2714412264 0.1 0.1)
(0.3189358037 0.1 0.1)
(0.3725494822 0.1 0.1)
(0.4330706341 0.1 0.1)
(0.5013892035 0.1 0.1)
(0.5785097934 0.1 0.1)
(0.6655664375 0.1 0.1)
(0.7638392761 0.1 0.1)
(0.87477338 0.1 0.1)
(1 0.1 0.1)
(0 0.15 0.1)
(0.012522662 0.15 0.1)
(0.02665871737 0.15 0.1)
(0.04261603231 0.15 0.1)
(0.06062925406 0.15 0.1)
(0.08096326132 0.15 0.1)
(0.1039170592 0.15 0.1)
(0.129828176 0.15 0.1)
(0.1590776265 0.15 0.1)
(0.1920955145 0.15 0.1)
(0.2293673576 0.15 0.1)
(0.2714412264 0.15 0.1)
(0.3189358037 0.15 0.1)
(0.3725494822 0.15 0.1)
(0.4330706341 0.15 0.1)
(0.5013892035 0.15 0.1)
(0.5785097934 0.15 0.1)
(0.6655664375 0.15 0.1)
(0.7638392761 0.15 0.1)
(0.87477338 0.15 0.1)
(1 0.15 0.1)
(0 0.2 0.1)
(0.012522662 0.2 0.1)
(0.02665871737 0.2 0.1)
(0.04261603231 0.2 0.1)
(0.06062925406 0.2 0.1)
(0.08096326132 0.2 0.1)
(0.1039170592 0.2 0.1)
(0.129828176 0.2 0.1)
(0.1590776265 0.2 0.1)
(0.1920955145 0.2 0.1)
(0.2293673576 0.2 0.1)
(0.2714412264 0.2 0.1)
(0.3189358037 0.2 0.1)
(0.3725494822 0.2 0.1)
(0.4330706341 0.2 0.1)
(0.5013892035 0.2 0.1)
(0.5785097934 0.2 0.1)
(0.6655664375 0.2 0.1)
(0.7638392761 0.2 0.1)
(0.87477338 0.2 0.1)
(1 0.2 0.1)
(0 0.25 0.1)
(0.012522662 0.25 0.1)
(0.02665871737 0.25 0.1)
(0.04261603231 0.25 0.1)
(0.06062925406 0.25 0.1)
(0.08096326132 0.25 0.1)
(0.1039170592 0.25 0.1)
(0.129828176 0.25 0.1)
(0.1590776265 0.25 0.1)
(0.1920955145 0.25 0.1)
(0.2293673576 0.25 0.1)
(0.2714412264 0.25 0.1)
(0.3189358037 0.25 0.1)
(0.3725494822 0.25 0.1)
(0.4330706341 0.25 0.1)
(0.5013892035 0.25 0.1)
(0.5785097934 0.25 0.1)
(0.6655664375 0.25 0.1)
(0.7638392761 0.25 0.1)
(0.87477338 0.25 0.1)
(1 0.25 0.1)
(0 0.3 0.1)
(0.012522662 0.3 0.1)
(0.02665871737 0.3 0.1)
(0.04261603231 0.3 0.1)
(0.06062925406 0.3 0.1)
(0.08096326132 0.3 0.1)
(0.1039170592 0.3 0.1)
(0.129828176 0.3 0.1)
(0.1590776265 0.3 0.1)
(0.1920955145 0.3 0.1)
(0.2293673576 0.3 0.1)
(0.2714412264 0.3 0.1)
(0.3189358037 0.3 0.1)
(0.3725494822 0.3 0.1)
(0.4330706341 0.3 0.1)
(0.5013892035 0.3 0.1)
(0.5785097934 0.3 0.1)
(0.6655664375 0.3 0.1)
(0.7638392761 0.3 0.1)
(0.87477338 0.3 0.1)
(1 0.3 0.1)
(0 0.35 0.1)
(0.012522662 0.35 0.1)
(0.02665871737 0.35 0.1)
(0.04261603231 0.35 0.1)
(0.06062925406 0.35 0.1)
(0.08096326132 0.35 0.1)
(0.1039170592 0.35 0.1)
(0.129828176 0.35 0.1)
(0.1590776265 0.35 0.1)
(0.1920955145 0.35 0.1)
(0.2293673576 0.35 0.1)
(0.2714412264 0.35 0.1)
(0.3189358037 0.35 0.1)
(0.3725494822 0.35 0.1)
(0.4330706341 0.35 0.1)
(0.5013892035 0.35 0.1)
(0.5785097934 0.35 0.1)
(0.6655664375 0.35 0.1)
(0.7638392761 0.35 0.1)
(0.87477338 0.35 0.1)
(1 0.35 0.1)
(0 0.4 0.1)
(0.012522662 0.4 0.1)
(0.02665871737 0.4 0.1)
(0.04261603231 0.4 0.1)
(0.06062925406 0.4 0.1)
(0.08096326132 0.4 0.1)
(0.1039170592 0.4 0.1)
(0.129828176 0.4 0.1)
(0.1590776265 0.4 0.1)
(0.1920955145 0.4 0.1)
(0.2293673576 0.4 0.1)
(0.2714412264 0.4 0.1)
(0.3189358037 0.4 0.1)
(0.3725494822 0.4 0.1)
(0.4330706341 0.4 0.1)
(0.5013892035 0.4 0.1)
(0.5785097934 0.4 0.1)
(0.6655664375 0.4 0.1)
(0.7638392761 0.4 0.1)
(0.87477338 0.4 0.1)
(1 0.4 0.1)
(0 0.45 0.1)
(0.012522662 0.45 0.1)
(0.02665871737 0.45 0.1)
(0.04261603231 0.45 0.1)
(0.06062925406 0.45 0.1)
(0.08096326132 0.45 0.1)
(0.1039170592 0.45 0.1)
(0.129828176 0.45 0.1)
(0.1590776265 0.45 0.1)
(0.1920955145 0.45 0.1)
(0.2293673576 0.45 0.1)
(0.2714412264 0.45 0.1)
(0.3189358037 0.45 0.1)
(0.3725494822 0.45 0.1)
(0.4330706341 0.45 0.1)
(0.5013892035 0.45 0.1)
(0.5785097934 0.45 0.1)
(0.6655664375 0.45 0.1)
(0.7638392761 0.45 0.1)
(0.87477338 0.45 0.1)
(1 0.45 0.1)
(0 0.5 0.1)
(0.012522662 0.5 0.1)
(0.02665871737 0.5 0.1)
(0.04261603231 0.5 0.1)
(0.06062925406 0.5 0.1)
(0.08096326132 0.5 0.1)
(0.1039170592 0.5 0.1)
(0.129828176 0.5 0.1)
(0.1590776265 0.5 0.1)
(0.1920955145 0.5 0.1)
(0.2293673576 0.5 0.1)
(0.2714412264 0.5 0.1)
(0.3189358037 0.5 0.1)
(0.3725494822 0.5 0.1)
(0.4330706341 0.5 0.1)
(0.5013892035 0.5 0.1)
(0.5785097934 0.5 0.1)
(0.6655664375 0.5 0.1)
(0.7638392761 0.5 0.1)
(0.87477338 0.5 0.1)
(1 0.5 0.1)
(0 0.55 0.1)
(0.012522662 0.55 0.1)
(0.02665871737 0.55 0.1)
(0.04261603231 0.55 0.1)
(0.06062925406 0.55 0.1)
(0.08096326132 0.55 0.1)
(0.1039170592 0.55 0.1)
(0.129828176 0.55 0.1)
(0.1590776265 0.55 0.1)
(0.1920955145 0.55 0.1)
(0.2293673576 0.55 0.1)
(0.2714412264 0.55 0.1)
(0.3189358037 0.55 0.1)
(0.3725494822 0.55 0.1)
(0.4330706341 0.55 0.1)
(0.5013892035 0.55 0.1)
(0.5785097934 0.55 0.1)
(0.6655664375 0.55 0.1)
(0.7638392761 0.55 0.1)
(0.87477338 0.55 0.1)
(1 0.55 0.1)
(0 0.6 0.1)
(0.012522662 0.6 0.1)
(0.02665871737 0.6 0.1)
(0.04261603231 0.6 0.1)
(0.06062925406 0.6 0.1)
(0.08096326132 0.6 0.1)
(0.1039170592 0.6 0.1)
(0.129828176 0.6 0.1)
(0.1590776265 0.6 0.1)
(0.1920955145 0.6 0.1)
(0.2293673576 0.6 0.1)
(0.2714412264 0.6 0.1)
(0.3189358037 0.6 0.1)
(0.3725494822 0.6 0.1)
(0.4330706341 0.6 0.1)
(0.5013892035 0.6 0.1)
(0.5785097934 0.6 0.1)
(0.6655664375 0.6 0.1)
(0.7638392761 0.6 0.1)
(0.87477338 0.6 0.1)
(1 0.6 0.1)
(0 0.65 0.1)
(0.012522662 0.65 0.1)
(0.02665871737 0.65 0.1)
(0.04261603231 0.65 0.1)
(0.06062925406 0.65 0.1)
(0.08096326132 0.65 0.1)
(0.1039170592 0.65 0.1)
(0.129828176 0.65 0.1)
(0.1590776265 0.65 0.1)
(0.1920955145 0.65 0.1)
(0.2293673576 0.65 0.1)
(0.2714412264 0.65 0.1)
(0.3189358037 0.65 0.1)
(0.3725494822 0.65 0.1)
(0.4330706341 0.65 0.1)
(0.5013892035 0.65 0.1)
(0.5785097934 0.65 0.1)
(0.6655664375 0.65 0.1)
(0.7638392761 0.65 0.1)
(0.87477338 0.65 0.1)
(1 0.65 0.1)
(0 0.7 0.1)
(0.012522662 0.7 0.1)
(0.02665871737 0.7 0.1)
(0.04261603231 0.7 0.1)
(0.06062925406 0.7 0.1)
(0.08096326132 0.7 0.1)
(0.1039170592 0.7 0.1)
(0.129828176 0.7 0.1)
(0.1590776265 0.7 0.1)
(0.1920955145 0.7 0.1)
(0.2293673576 0.7 0.1)
(0.2714412264 0.7 0.1)
(0.3189358037 0.7 0.1)
(0.3725494822 0.7 0.1)
(0.4330706341 0.7 0.1)
(0.5013892035 0.7 0.1)
(0.5785097934 0.7 0.1)
(0.6655664375 0.7 0.1)
(0.7638392761 0.7 0.1)
(0.87477338 0.7 0.1)
(1 0.7 0.1)
(0 0.75 0.1)
(0.012522662 0.75 0.1)
(0.02665871737 0.75 0.1)
(0.04261603231 0.75 0.1)
(0.06062925406 0.75 0.1)
(0.08096326132 0.75 0.1)
(0.1039170592 0.75 0.1)
(0.129828176 0.75 0.1)
(0.1590776265 0.75 0.1)
(0.1920955145 0.75 0.1)
(0.2293673576 0.75 0.1)
(0.2714412264 0.75 0.1)
(0.3189358037 0.75 0.1)
(0.3725494822 0.75 0.1)
(0.4330706341 0.75 0.1)
(0.5013892035 0.75 0.1)
(0.5785097934 0.75 0.1)
(0.6655664375 0.75 0.1)
(0.7638392761 0.75 0.1)
(0.87477338 0.75 0.1)
(1 0.75 0.1)
(0 0.8 0.1)
(0.012522662 0.8 0.1)
(0.02665871737 0.8 0.1)
(0.04261603231 0.8 0.1)
(0.06062925406 0.8 0.1)
(0.08096326132 0.8 0.1)
(0.1039170592 0.8 0.1)
(0.129828176 0.8 0.1)
(0.1590776265 0.8 0.1)
(0.1920955145 0.8 0.1)
(0.2293673576 0.8 0.1)
(0.2714412264 0.8 0.1)
(0.3189358037 0.8 0.1)
(0.3725494822 0.8 0.1)
(0.4330706341 0.8 0.1)
(0.5013892035 0.8 0.1)
(0.5785097934 0.8 0.1)
(0.6655664375 0.8 0.1)
(0.7638392761 0.8 0.1)
(0.87477338 0.8 0.1)
(1 0.8 0.1)
(0 0.85 0.1)
(0.012522662 0.85 0.1)
(0.02665871737 0.85 0.1)
(0.04261603231 0.85 0.1)
(0.06062925406 0.85 0.1)
(0.08096326132 0.85 0.1)
(0.1039170592 0.85 0.1)
(0.129828176 0.85 0.1)
(0.1590776265 0.85 0.1)
(0.1920955145 0.85 0.1)
(0.2293673576 0.85 0.1)
(0.2714412264 0.85 0.1)
(0.3189358037 0.85 0.1)
(0.3725494822 0.85 0.1)
(0.4330706341 0.85 0.1)
(0.5013892035 0.85 0.1)
(0.5785097934 0.85 0.1)
(0.6655664375 0.85 0.1)
(0.7638392761 0.85 0.1)
(0.87477338 0.85 0.1)
(1 0.85 0.1)
(0 0.9 0.1)
(0.012522662 0.9 0.1)
(0.02665871737 0.9 0.1)
(0.04261603231 0.9 0.1)
(0.06062925406 0.9 0.1)
(0.08096326132 0.9 0.1)
(0.1039170592 0.9 0.1)
(0.129828176 0.9 0.1)
(0.1590776265 0.9 0.1)
(0.1920955145 0.9 0.1)
(0.2293673576 0.9 0.1)
(0.2714412264 0.9 0.1)
(0.3189358037 0.9 0.1)
(0.3725494822 0.9 0.1)
(0.4330706341 0.9 0.1)
(0.5013892035 0.9 0.1)
(0.5785097934 0.9 0.1)
(0.6655664375 0.9 0.1)
(0.7638392761 0.9 0.1)
(0.87477338 0.9 0.1)
(1 0.9 0.1)
(0 0.95 0.1)
(0.012522662 0.95 0.1)
(0.02665871737 0.95 0.1)
(0.04261603231 0.95 0.1)
(0.06062925406 0.95 0.1)
(0.08096326132 0.95 0.1)
(0.1039170592 0.95 0.1)
(0.129828176 0.95 0.1)
(0.1590776265 0.95 0.1)
(0.1920955145 0.95 0.1)
(0.2293673576 0.95 0.1)
(0.2714412264 0.95 0.1)
(0.3189358037 0.95 0.1)
(0.3725494822 0.95 0.1)
(0.4330706341 0.95 0.1)
(0.5013892035 0.95 0.1)
(0.5785097934 0.95 0.1)
(0.6655664375 0.95 0.1)
(0.7638392761 0.95 0.1)
(0.87477338 0.95 0.1)
(1 0.95 0.1)
(0 1 0.1)
(0.012522662 1 0.1)
(0.02665871737 1 0.1)
(0.04261603231 1 0.1)
(0.06062925406 1 0.1)
(0.08096326132 1 0.1)
(0.1039170592 1 0.1)
(0.129828176 1 0.1)
(0.1590776265 1 0.1)
(0.1920955145 1 0.1)
(0.2293673576 1 0.1)
(0.2714412264 1 0.1)
(0.3189358037 1 0.1)
(0.3725494822 1 0.1)
(0.4330706341 1 0.1)
(0.5013892035 1 0.1)
(0.5785097934 1 0.1)
(0.6655664375 1 0.1)
(0.7638392761 1 0.1)
(0.87477338 1 0.1)
(1 1 0.1)
)


// ************************************************************************* //
